,label,0,1,2,3,4
0,tensor(0),tensor(0.7994),tensor(0.1991),tensor(0.0011),tensor(0.0001),tensor(0.0002)
1,tensor(1),tensor(0.7677),tensor(0.2307),tensor(0.0012),tensor(0.0002),tensor(0.0001)
2,tensor(0),tensor(0.8306),tensor(0.1666),tensor(0.0008),tensor(0.0011),tensor(0.0009)
3,tensor(0),tensor(0.7881),tensor(0.2093),tensor(0.0014),tensor(0.0010),tensor(0.0002)
4,tensor(0),tensor(0.7391),tensor(0.2529),tensor(0.0049),tensor(0.0031),tensor(2.7490e-05)
5,tensor(0),tensor(0.8643),tensor(0.1325),tensor(0.0013),tensor(0.0019),tensor(1.8231e-05)
6,tensor(0),tensor(0.9056),tensor(0.0901),tensor(0.0006),tensor(0.0023),tensor(0.0014)
7,tensor(0),tensor(0.8803),tensor(0.1163),tensor(0.0018),tensor(0.0015),tensor(5.5567e-05)
8,tensor(0),tensor(0.8443),tensor(0.1515),tensor(0.0007),tensor(0.0030),tensor(0.0005)
9,tensor(0),tensor(0.8240),tensor(0.1739),tensor(0.0009),tensor(0.0010),tensor(0.0002)
10,tensor(0),tensor(0.7912),tensor(0.2076),tensor(0.0011),tensor(0.0001),tensor(1.1193e-06)
11,tensor(0),tensor(0.8690),tensor(0.1293),tensor(0.0011),tensor(0.0003),tensor(0.0002)
12,tensor(0),tensor(0.6201),tensor(0.3765),tensor(0.0029),tensor(0.0004),tensor(1.9192e-05)
13,tensor(0),tensor(0.7293),tensor(0.2658),tensor(0.0039),tensor(0.0009),tensor(5.6767e-05)
14,tensor(0),tensor(0.8903),tensor(0.1032),tensor(0.0010),tensor(0.0044),tensor(0.0011)
15,tensor(0),tensor(0.8703),tensor(0.1277),tensor(0.0003),tensor(0.0014),tensor(0.0002)
16,tensor(0),tensor(0.7631),tensor(0.2336),tensor(0.0025),tensor(0.0008),tensor(4.4899e-05)
17,tensor(0),tensor(0.7550),tensor(0.2395),tensor(0.0046),tensor(0.0010),tensor(6.5550e-06)
18,tensor(0),tensor(0.8215),tensor(0.1653),tensor(0.0123),tensor(0.0007),tensor(0.0002)
19,tensor(0),tensor(0.7831),tensor(0.1960),tensor(0.0192),tensor(0.0016),tensor(7.3608e-05)
20,tensor(0),tensor(0.8043),tensor(0.1767),tensor(0.0080),tensor(0.0066),tensor(0.0044)
21,tensor(0),tensor(0.8402),tensor(0.1497),tensor(0.0028),tensor(0.0059),tensor(0.0014)
22,tensor(0),tensor(0.8098),tensor(0.1875),tensor(0.0018),tensor(0.0007),tensor(0.0002)
23,tensor(0),tensor(0.7170),tensor(0.2730),tensor(0.0089),tensor(0.0009),tensor(0.0001)
24,tensor(0),tensor(0.8779),tensor(0.1130),tensor(0.0010),tensor(0.0077),tensor(0.0004)
25,tensor(0),tensor(0.8177),tensor(0.1588),tensor(0.0042),tensor(0.0190),tensor(0.0003)
26,tensor(0),tensor(0.8018),tensor(0.1966),tensor(0.0009),tensor(0.0005),tensor(0.0002)
27,tensor(0),tensor(0.7360),tensor(0.2626),tensor(0.0011),tensor(0.0002),tensor(6.5092e-05)
28,tensor(0),tensor(0.8446),tensor(0.1529),tensor(0.0006),tensor(0.0017),tensor(0.0002)
29,tensor(0),tensor(0.6973),tensor(0.2903),tensor(0.0072),tensor(0.0044),tensor(0.0008)
30,tensor(0),tensor(0.8015),tensor(0.1813),tensor(0.0166),tensor(0.0006),tensor(6.3395e-05)
31,tensor(0),tensor(0.7659),tensor(0.2263),tensor(0.0060),tensor(0.0013),tensor(0.0006)
32,tensor(0),tensor(0.8124),tensor(0.1866),tensor(0.0003),tensor(0.0003),tensor(0.0005)
33,tensor(0),tensor(0.7913),tensor(0.2068),tensor(0.0013),tensor(0.0003),tensor(0.0002)
34,tensor(0),tensor(0.7751),tensor(0.2210),tensor(0.0037),tensor(0.0001),tensor(6.3906e-06)
35,tensor(0),tensor(0.7220),tensor(0.2745),tensor(0.0021),tensor(0.0014),tensor(1.3955e-05)
36,tensor(0),tensor(0.8752),tensor(0.1204),tensor(0.0024),tensor(0.0018),tensor(0.0001)
37,tensor(0),tensor(0.8717),tensor(0.1262),tensor(0.0016),tensor(0.0005),tensor(6.0857e-05)
38,tensor(0),tensor(0.8802),tensor(0.1078),tensor(0.0091),tensor(0.0023),tensor(0.0007)
39,tensor(0),tensor(0.7186),tensor(0.2490),tensor(0.0310),tensor(0.0005),tensor(0.0008)
40,tensor(0),tensor(0.7641),tensor(0.2335),tensor(0.0022),tensor(0.0001),tensor(3.0915e-05)
41,tensor(0),tensor(0.7195),tensor(0.2789),tensor(0.0012),tensor(0.0003),tensor(3.8377e-05)
42,tensor(0),tensor(0.8400),tensor(0.1358),tensor(0.0043),tensor(0.0167),tensor(0.0031)
43,tensor(0),tensor(0.7547),tensor(0.2386),tensor(0.0030),tensor(0.0026),tensor(0.0012)
44,tensor(0),tensor(0.8305),tensor(0.1422),tensor(0.0270),tensor(0.0003),tensor(3.8105e-05)
45,tensor(1),tensor(0.8384),tensor(0.1461),tensor(0.0136),tensor(0.0006),tensor(0.0013)
46,tensor(0),tensor(0.8465),tensor(0.1479),tensor(0.0052),tensor(0.0003),tensor(8.8102e-05)
47,tensor(0),tensor(0.7612),tensor(0.2254),tensor(0.0127),tensor(0.0004),tensor(0.0003)
48,tensor(0),tensor(0.7772),tensor(0.2219),tensor(0.0007),tensor(0.0002),tensor(6.1168e-06)
49,tensor(0),tensor(0.7569),tensor(0.2408),tensor(0.0021),tensor(0.0002),tensor(2.7046e-05)
50,tensor(0),tensor(0.7585),tensor(0.2397),tensor(0.0013),tensor(0.0004),tensor(2.1879e-05)
51,tensor(0),tensor(0.8171),tensor(0.1800),tensor(0.0022),tensor(0.0004),tensor(0.0002)
52,tensor(0),tensor(0.8161),tensor(0.1823),tensor(0.0012),tensor(0.0003),tensor(2.4332e-05)
53,tensor(0),tensor(0.8606),tensor(0.1360),tensor(0.0027),tensor(0.0006),tensor(0.0001)
54,tensor(0),tensor(0.6607),tensor(0.3278),tensor(0.0112),tensor(0.0001),tensor(0.0001)
55,tensor(1),tensor(0.8512),tensor(0.1457),tensor(0.0026),tensor(0.0003),tensor(0.0001)
56,tensor(0),tensor(0.7283),tensor(0.2689),tensor(0.0024),tensor(0.0004),tensor(1.0902e-05)
57,tensor(0),tensor(0.6730),tensor(0.3136),tensor(0.0128),tensor(0.0005),tensor(7.8286e-05)
58,tensor(0),tensor(0.7358),tensor(0.2622),tensor(0.0018),tensor(0.0002),tensor(1.6254e-05)
59,tensor(0),tensor(0.4566),tensor(0.5339),tensor(0.0082),tensor(0.0013),tensor(1.0386e-05)
60,tensor(0),tensor(0.8118),tensor(0.1861),tensor(0.0011),tensor(0.0008),tensor(0.0003)
61,tensor(0),tensor(0.7166),tensor(0.2784),tensor(0.0040),tensor(0.0007),tensor(0.0002)
62,tensor(0),tensor(0.7891),tensor(0.2092),tensor(0.0013),tensor(0.0003),tensor(4.1517e-05)
63,tensor(0),tensor(0.5990),tensor(0.3925),tensor(0.0080),tensor(0.0005),tensor(4.7183e-05)
64,tensor(0),tensor(0.6827),tensor(0.3081),tensor(0.0019),tensor(0.0068),tensor(0.0006)
65,tensor(0),tensor(0.8088),tensor(0.1844),tensor(0.0016),tensor(0.0042),tensor(0.0010)
66,tensor(0),tensor(0.8144),tensor(0.1824),tensor(0.0015),tensor(0.0006),tensor(0.0012)
67,tensor(0),tensor(0.8237),tensor(0.1743),tensor(0.0005),tensor(0.0009),tensor(0.0006)
68,tensor(0),tensor(0.7397),tensor(0.2578),tensor(0.0023),tensor(0.0002),tensor(5.3264e-06)
69,tensor(0),tensor(0.7142),tensor(0.2783),tensor(0.0067),tensor(0.0006),tensor(0.0002)
70,tensor(0),tensor(0.7469),tensor(0.2519),tensor(0.0007),tensor(0.0004),tensor(7.1767e-05)
71,tensor(0),tensor(0.7460),tensor(0.2486),tensor(0.0030),tensor(0.0022),tensor(0.0002)
72,tensor(0),tensor(0.6019),tensor(0.3909),tensor(0.0063),tensor(0.0008),tensor(5.7592e-05)
73,tensor(0),tensor(0.7725),tensor(0.2258),tensor(0.0007),tensor(0.0010),tensor(2.8837e-05)
74,tensor(0),tensor(0.7319),tensor(0.2127),tensor(0.0548),tensor(0.0006),tensor(1.5020e-05)
75,tensor(0),tensor(0.7727),tensor(0.1903),tensor(0.0364),tensor(0.0004),tensor(0.0002)
76,tensor(0),tensor(0.5761),tensor(0.4215),tensor(0.0021),tensor(0.0002),tensor(6.4515e-05)
77,tensor(0),tensor(0.7588),tensor(0.2402),tensor(0.0007),tensor(0.0002),tensor(9.7657e-05)
78,tensor(0),tensor(0.7996),tensor(0.1940),tensor(0.0042),tensor(0.0022),tensor(9.5923e-06)
79,tensor(0),tensor(0.7604),tensor(0.2384),tensor(0.0008),tensor(0.0002),tensor(7.9265e-05)
80,tensor(0),tensor(0.6846),tensor(0.3124),tensor(0.0025),tensor(0.0003),tensor(0.0001)
81,tensor(0),tensor(0.6806),tensor(0.3177),tensor(0.0015),tensor(0.0001),tensor(6.4404e-05)
82,tensor(0),tensor(0.6220),tensor(0.3732),tensor(0.0048),tensor(7.7079e-05),tensor(6.8544e-06)
83,tensor(0),tensor(0.1974),tensor(0.7907),tensor(0.0119),tensor(8.7145e-05),tensor(1.8424e-06)
84,tensor(0),tensor(0.6202),tensor(0.3778),tensor(0.0018),tensor(0.0001),tensor(5.1633e-06)
85,tensor(0),tensor(0.8414),tensor(0.1574),tensor(0.0010),tensor(0.0001),tensor(4.6356e-05)
86,tensor(0),tensor(0.7683),tensor(0.2297),tensor(0.0016),tensor(0.0003),tensor(4.5304e-05)
87,tensor(0),tensor(0.7737),tensor(0.2196),tensor(0.0055),tensor(0.0010),tensor(0.0001)
88,tensor(0),tensor(0.7942),tensor(0.2030),tensor(0.0022),tensor(0.0005),tensor(5.8044e-05)
89,tensor(0),tensor(0.7911),tensor(0.2054),tensor(0.0029),tensor(0.0004),tensor(0.0002)
90,tensor(0),tensor(0.6834),tensor(0.3124),tensor(0.0027),tensor(0.0015),tensor(4.2734e-05)
91,tensor(0),tensor(0.6519),tensor(0.3464),tensor(0.0015),tensor(0.0002),tensor(6.7155e-06)
92,tensor(0),tensor(0.8436),tensor(0.1448),tensor(0.0022),tensor(0.0072),tensor(0.0021)
93,tensor(0),tensor(0.9010),tensor(0.0796),tensor(0.0013),tensor(0.0093),tensor(0.0089)
94,tensor(0),tensor(0.8048),tensor(0.1822),tensor(0.0107),tensor(0.0013),tensor(0.0011)
95,tensor(0),tensor(0.7712),tensor(0.2042),tensor(0.0226),tensor(0.0011),tensor(0.0009)
96,tensor(0),tensor(0.6950),tensor(0.2995),tensor(0.0048),tensor(0.0007),tensor(4.1139e-05)
97,tensor(0),tensor(0.6056),tensor(0.3666),tensor(0.0262),tensor(0.0015),tensor(3.2528e-05)
98,tensor(0),tensor(0.4054),tensor(0.5795),tensor(0.0129),tensor(0.0020),tensor(0.0001)
99,tensor(0),tensor(0.6276),tensor(0.3493),tensor(0.0208),tensor(0.0022),tensor(0.0001)
100,tensor(0),tensor(0.7770),tensor(0.2203),tensor(0.0023),tensor(0.0003),tensor(1.3943e-05)
101,tensor(1),tensor(0.8311),tensor(0.1652),tensor(0.0017),tensor(0.0018),tensor(0.0002)
102,tensor(0),tensor(0.8431),tensor(0.1489),tensor(0.0064),tensor(0.0012),tensor(0.0004)
103,tensor(0),tensor(0.6105),tensor(0.3215),tensor(0.0632),tensor(0.0043),tensor(0.0006)
104,tensor(0),tensor(0.7194),tensor(0.2766),tensor(0.0033),tensor(0.0006),tensor(7.1471e-05)
105,tensor(0),tensor(0.7797),tensor(0.2145),tensor(0.0045),tensor(0.0012),tensor(4.4944e-05)
106,tensor(0),tensor(0.8327),tensor(0.1659),tensor(0.0006),tensor(0.0005),tensor(0.0002)
107,tensor(0),tensor(0.8021),tensor(0.1942),tensor(0.0021),tensor(0.0014),tensor(0.0001)
108,tensor(0),tensor(0.7371),tensor(0.2518),tensor(0.0091),tensor(0.0017),tensor(0.0003)
109,tensor(0),tensor(0.8723),tensor(0.1225),tensor(0.0036),tensor(0.0003),tensor(0.0013)
110,tensor(0),tensor(0.8273),tensor(0.1723),tensor(0.0002),tensor(0.0001),tensor(8.6336e-05)
111,tensor(0),tensor(0.7467),tensor(0.2519),tensor(0.0006),tensor(0.0005),tensor(0.0002)
112,tensor(0),tensor(0.8610),tensor(0.1381),tensor(0.0005),tensor(0.0002),tensor(0.0002)
113,tensor(0),tensor(0.8252),tensor(0.1734),tensor(0.0007),tensor(0.0004),tensor(0.0003)
114,tensor(0),tensor(0.7401),tensor(0.2487),tensor(0.0088),tensor(0.0021),tensor(0.0003)
115,tensor(0),tensor(0.7759),tensor(0.1987),tensor(0.0234),tensor(0.0013),tensor(0.0008)
116,tensor(0),tensor(0.6583),tensor(0.3361),tensor(0.0040),tensor(0.0014),tensor(0.0002)
117,tensor(0),tensor(0.6965),tensor(0.2985),tensor(0.0041),tensor(0.0005),tensor(0.0004)
118,tensor(0),tensor(0.7932),tensor(0.2047),tensor(0.0014),tensor(0.0006),tensor(0.0001)
119,tensor(0),tensor(0.7374),tensor(0.2554),tensor(0.0063),tensor(0.0007),tensor(8.9571e-05)
120,tensor(0),tensor(0.8489),tensor(0.1442),tensor(0.0065),tensor(0.0003),tensor(6.5444e-05)
121,tensor(1),tensor(0.8140),tensor(0.1792),tensor(0.0056),tensor(0.0006),tensor(0.0006)
122,tensor(0),tensor(0.8639),tensor(0.1332),tensor(0.0016),tensor(0.0013),tensor(6.9247e-05)
123,tensor(1),tensor(0.5236),tensor(0.4668),tensor(0.0046),tensor(0.0045),tensor(0.0005)
124,tensor(0),tensor(0.8615),tensor(0.1297),tensor(0.0011),tensor(0.0076),tensor(6.8802e-05)
125,tensor(0),tensor(0.7024),tensor(0.2839),tensor(0.0056),tensor(0.0081),tensor(2.8290e-05)
126,tensor(0),tensor(0.4435),tensor(0.5471),tensor(0.0061),tensor(0.0031),tensor(0.0002)
127,tensor(0),tensor(0.5579),tensor(0.4319),tensor(0.0090),tensor(0.0011),tensor(5.5784e-05)
128,tensor(0),tensor(0.8767),tensor(0.1144),tensor(0.0013),tensor(0.0073),tensor(0.0003)
129,tensor(0),tensor(0.8540),tensor(0.1416),tensor(0.0013),tensor(0.0030),tensor(3.1649e-05)
130,tensor(0),tensor(0.7066),tensor(0.2737),tensor(0.0195),tensor(0.0002),tensor(7.8958e-05)
131,tensor(0),tensor(0.6051),tensor(0.3365),tensor(0.0572),tensor(0.0012),tensor(2.7277e-05)
132,tensor(0),tensor(0.8786),tensor(0.1121),tensor(0.0006),tensor(0.0086),tensor(0.0002)
133,tensor(0),tensor(0.8210),tensor(0.1650),tensor(0.0020),tensor(0.0115),tensor(0.0005)
134,tensor(0),tensor(0.8383),tensor(0.1508),tensor(0.0024),tensor(0.0085),tensor(0.0001)
135,tensor(0),tensor(0.8529),tensor(0.1308),tensor(0.0020),tensor(0.0140),tensor(0.0003)
136,tensor(0),tensor(0.6846),tensor(0.3113),tensor(0.0009),tensor(0.0005),tensor(0.0027)
137,tensor(0),tensor(0.8280),tensor(0.1695),tensor(0.0011),tensor(0.0005),tensor(0.0009)
138,tensor(0),tensor(0.3879),tensor(0.5960),tensor(0.0131),tensor(0.0019),tensor(0.0011)
139,tensor(0),tensor(0.6992),tensor(0.2935),tensor(0.0065),tensor(0.0006),tensor(0.0001)
140,tensor(0),tensor(0.8035),tensor(0.1867),tensor(0.0020),tensor(0.0075),tensor(0.0003)
141,tensor(0),tensor(0.8038),tensor(0.1949),tensor(0.0009),tensor(0.0004),tensor(2.3247e-05)
142,tensor(0),tensor(0.7357),tensor(0.2587),tensor(0.0046),tensor(0.0005),tensor(0.0005)
143,tensor(1),tensor(0.6791),tensor(0.3132),tensor(0.0061),tensor(0.0002),tensor(0.0013)
144,tensor(0),tensor(0.5099),tensor(0.3586),tensor(0.1282),tensor(0.0021),tensor(0.0012)
145,tensor(1),tensor(0.6684),tensor(0.3158),tensor(0.0146),tensor(0.0008),tensor(0.0004)
146,tensor(0),tensor(0.6677),tensor(0.2898),tensor(0.0414),tensor(0.0008),tensor(0.0002)
147,tensor(1),tensor(0.0038),tensor(0.9077),tensor(0.0878),tensor(0.0003),tensor(0.0004)
148,tensor(0),tensor(0.8367),tensor(0.1604),tensor(0.0026),tensor(0.0002),tensor(9.8794e-05)
149,tensor(0),tensor(0.8035),tensor(0.1905),tensor(0.0048),tensor(0.0009),tensor(0.0003)
150,tensor(0),tensor(0.8276),tensor(0.1719),tensor(0.0004),tensor(8.4983e-05),tensor(4.7723e-06)
151,tensor(1),tensor(0.4127),tensor(0.5716),tensor(0.0146),tensor(0.0011),tensor(0.0001)
152,tensor(0),tensor(0.8188),tensor(0.1801),tensor(0.0006),tensor(0.0003),tensor(0.0003)
153,tensor(0),tensor(0.6993),tensor(0.2971),tensor(0.0032),tensor(0.0002),tensor(0.0001)
154,tensor(0),tensor(0.7171),tensor(0.2787),tensor(0.0040),tensor(0.0001),tensor(4.9960e-05)
155,tensor(0),tensor(0.8732),tensor(0.1259),tensor(0.0008),tensor(1.9841e-05),tensor(2.3833e-05)
156,tensor(0),tensor(0.8103),tensor(0.1893),tensor(0.0002),tensor(0.0002),tensor(5.2971e-06)
157,tensor(0),tensor(0.7922),tensor(0.2055),tensor(0.0019),tensor(0.0003),tensor(4.3378e-05)
158,tensor(0),tensor(0.8755),tensor(0.1231),tensor(0.0004),tensor(0.0008),tensor(0.0002)
159,tensor(0),tensor(0.8696),tensor(0.1268),tensor(0.0021),tensor(0.0014),tensor(5.5991e-05)
160,tensor(0),tensor(0.7551),tensor(0.2396),tensor(0.0042),tensor(0.0009),tensor(0.0001)
161,tensor(1),tensor(0.7889),tensor(0.2086),tensor(0.0015),tensor(0.0006),tensor(0.0003)
162,tensor(0),tensor(0.7054),tensor(0.2888),tensor(0.0056),tensor(0.0002),tensor(3.2041e-05)
163,tensor(0),tensor(0.7921),tensor(0.2075),tensor(0.0003),tensor(9.3464e-05),tensor(3.4241e-05)
164,tensor(0),tensor(0.7687),tensor(0.2285),tensor(0.0017),tensor(0.0007),tensor(0.0004)
165,tensor(0),tensor(0.8182),tensor(0.1780),tensor(0.0035),tensor(0.0002),tensor(8.0591e-05)
166,tensor(0),tensor(0.2343),tensor(0.6898),tensor(0.0679),tensor(0.0080),tensor(3.9165e-05)
167,tensor(0),tensor(0.7074),tensor(0.2841),tensor(0.0080),tensor(0.0004),tensor(0.0002)
168,tensor(0),tensor(0.6441),tensor(0.3361),tensor(0.0196),tensor(8.0177e-05),tensor(0.0001)
169,tensor(0),tensor(0.7396),tensor(0.2509),tensor(0.0093),tensor(0.0001),tensor(6.8601e-05)
170,tensor(0),tensor(0.9162),tensor(0.0821),tensor(0.0012),tensor(0.0005),tensor(3.2812e-05)
171,tensor(0),tensor(0.5650),tensor(0.4312),tensor(0.0030),tensor(0.0007),tensor(0.0001)
172,tensor(0),tensor(0.8367),tensor(0.1509),tensor(0.0113),tensor(0.0007),tensor(0.0004)
173,tensor(0),tensor(0.7051),tensor(0.2927),tensor(0.0020),tensor(0.0002),tensor(2.5307e-05)
174,tensor(0),tensor(0.8197),tensor(0.1788),tensor(0.0009),tensor(0.0006),tensor(7.4002e-05)
175,tensor(0),tensor(0.7731),tensor(0.2229),tensor(0.0035),tensor(0.0005),tensor(6.5286e-05)
176,tensor(0),tensor(0.8482),tensor(0.1502),tensor(0.0010),tensor(0.0003),tensor(0.0003)
177,tensor(0),tensor(0.8591),tensor(0.1392),tensor(0.0009),tensor(0.0005),tensor(0.0002)
178,tensor(0),tensor(0.8080),tensor(0.1867),tensor(0.0015),tensor(0.0013),tensor(0.0025)
179,tensor(0),tensor(0.7899),tensor(0.2076),tensor(0.0014),tensor(0.0006),tensor(0.0006)
180,tensor(0),tensor(0.7596),tensor(0.2357),tensor(0.0028),tensor(0.0014),tensor(0.0004)
181,tensor(0),tensor(0.7762),tensor(0.2206),tensor(0.0020),tensor(0.0009),tensor(0.0003)
182,tensor(0),tensor(0.6807),tensor(0.3166),tensor(0.0021),tensor(0.0005),tensor(6.8442e-05)
183,tensor(1),tensor(0.8460),tensor(0.1528),tensor(0.0011),tensor(0.0001),tensor(1.8968e-05)
184,tensor(0),tensor(0.7515),tensor(0.2457),tensor(0.0009),tensor(0.0016),tensor(0.0003)
185,tensor(0),tensor(0.7859),tensor(0.2112),tensor(0.0016),tensor(0.0011),tensor(0.0002)
186,tensor(0),tensor(0.7851),tensor(0.2144),tensor(0.0004),tensor(5.3298e-05),tensor(3.4581e-06)
187,tensor(1),tensor(0.0306),tensor(0.9525),tensor(0.0167),tensor(0.0001),tensor(4.5442e-06)
188,tensor(0),tensor(0.8684),tensor(0.1265),tensor(0.0022),tensor(0.0022),tensor(0.0008)
189,tensor(0),tensor(0.8382),tensor(0.1529),tensor(0.0054),tensor(0.0032),tensor(0.0003)
190,tensor(0),tensor(0.7489),tensor(0.2451),tensor(0.0049),tensor(0.0011),tensor(4.4496e-05)
191,tensor(0),tensor(0.6414),tensor(0.3330),tensor(0.0205),tensor(0.0041),tensor(0.0009)
192,tensor(0),tensor(0.6972),tensor(0.3014),tensor(0.0011),tensor(0.0001),tensor(6.7974e-05)
193,tensor(0),tensor(0.6525),tensor(0.3419),tensor(0.0052),tensor(0.0004),tensor(0.0001)
194,tensor(0),tensor(0.7427),tensor(0.2558),tensor(0.0008),tensor(0.0006),tensor(0.0001)
195,tensor(0),tensor(0.6308),tensor(0.3666),tensor(0.0021),tensor(0.0004),tensor(0.0001)
196,tensor(0),tensor(0.7816),tensor(0.2162),tensor(0.0015),tensor(0.0005),tensor(0.0002)
197,tensor(0),tensor(0.7952),tensor(0.2009),tensor(0.0029),tensor(0.0006),tensor(0.0005)
198,tensor(0),tensor(0.7567),tensor(0.2404),tensor(0.0021),tensor(0.0005),tensor(0.0003)
199,tensor(0),tensor(0.7722),tensor(0.2227),tensor(0.0034),tensor(0.0008),tensor(0.0009)
200,tensor(0),tensor(0.8213),tensor(0.1742),tensor(0.0015),tensor(0.0028),tensor(0.0003)
201,tensor(0),tensor(0.8276),tensor(0.1706),tensor(0.0005),tensor(0.0010),tensor(0.0002)
202,tensor(0),tensor(0.6674),tensor(0.3273),tensor(0.0051),tensor(0.0002),tensor(4.0697e-06)
203,tensor(1),tensor(0.3448),tensor(0.6457),tensor(0.0092),tensor(0.0003),tensor(1.7198e-05)
204,tensor(0),tensor(0.4799),tensor(0.4829),tensor(0.0357),tensor(0.0007),tensor(0.0007)
205,tensor(0),tensor(0.7394),tensor(0.2305),tensor(0.0294),tensor(0.0006),tensor(4.6681e-05)
206,tensor(0),tensor(0.3873),tensor(0.6019),tensor(0.0100),tensor(0.0008),tensor(8.3984e-07)
207,tensor(0),tensor(0.7762),tensor(0.2216),tensor(0.0018),tensor(0.0004),tensor(2.2686e-05)
208,tensor(0),tensor(0.8640),tensor(0.1238),tensor(0.0106),tensor(0.0015),tensor(6.7892e-05)
209,tensor(0),tensor(0.8665),tensor(0.1253),tensor(0.0030),tensor(0.0045),tensor(0.0007)
210,tensor(0),tensor(0.6938),tensor(0.3008),tensor(0.0045),tensor(0.0008),tensor(0.0001)
211,tensor(0),tensor(0.6090),tensor(0.3871),tensor(0.0031),tensor(0.0007),tensor(8.6011e-05)
212,tensor(0),tensor(0.7926),tensor(0.2052),tensor(0.0019),tensor(0.0002),tensor(3.1185e-05)
213,tensor(0),tensor(0.7556),tensor(0.2411),tensor(0.0026),tensor(0.0006),tensor(0.0001)
214,tensor(0),tensor(0.6839),tensor(0.3037),tensor(0.0104),tensor(0.0016),tensor(0.0003)
215,tensor(0),tensor(0.8141),tensor(0.1798),tensor(0.0038),tensor(0.0021),tensor(0.0002)
216,tensor(0),tensor(0.7814),tensor(0.2055),tensor(0.0130),tensor(7.3116e-05),tensor(3.0061e-05)
217,tensor(0),tensor(0.7108),tensor(0.2833),tensor(0.0056),tensor(0.0001),tensor(0.0002)
218,tensor(0),tensor(0.7482),tensor(0.2507),tensor(0.0008),tensor(0.0002),tensor(6.9745e-05)
219,tensor(0),tensor(0.7321),tensor(0.2653),tensor(0.0021),tensor(0.0005),tensor(0.0001)
220,tensor(0),tensor(0.7177),tensor(0.2795),tensor(0.0021),tensor(0.0005),tensor(0.0001)
221,tensor(0),tensor(0.6741),tensor(0.3035),tensor(0.0152),tensor(0.0062),tensor(0.0009)
222,tensor(0),tensor(0.8634),tensor(0.1277),tensor(0.0024),tensor(0.0060),tensor(0.0005)
223,tensor(0),tensor(0.8581),tensor(0.1371),tensor(0.0012),tensor(0.0030),tensor(0.0006)
224,tensor(0),tensor(0.3941),tensor(0.5970),tensor(0.0076),tensor(0.0008),tensor(0.0006)
225,tensor(1),tensor(0.1660),tensor(0.8163),tensor(0.0151),tensor(0.0008),tensor(0.0018)
226,tensor(0),tensor(0.8203),tensor(0.1767),tensor(0.0028),tensor(0.0002),tensor(6.8195e-06)
227,tensor(0),tensor(0.6643),tensor(0.3316),tensor(0.0039),tensor(0.0001),tensor(5.4202e-06)
228,tensor(0),tensor(0.7216),tensor(0.2771),tensor(0.0010),tensor(0.0002),tensor(9.4773e-05)
229,tensor(0),tensor(0.7610),tensor(0.2365),tensor(0.0019),tensor(0.0004),tensor(0.0002)
230,tensor(0),tensor(0.8421),tensor(0.1531),tensor(0.0027),tensor(0.0019),tensor(0.0002)
231,tensor(0),tensor(0.8112),tensor(0.1839),tensor(0.0038),tensor(0.0008),tensor(0.0002)
232,tensor(0),tensor(0.6532),tensor(0.3410),tensor(0.0042),tensor(0.0015),tensor(0.0002)
233,tensor(0),tensor(0.7012),tensor(0.2961),tensor(0.0013),tensor(0.0012),tensor(0.0001)
234,tensor(0),tensor(0.7335),tensor(0.2625),tensor(0.0038),tensor(0.0002),tensor(3.2144e-05)
235,tensor(0),tensor(0.7839),tensor(0.2142),tensor(0.0014),tensor(0.0005),tensor(4.4442e-05)
236,tensor(0),tensor(0.7919),tensor(0.2065),tensor(0.0013),tensor(0.0002),tensor(2.3734e-05)
237,tensor(0),tensor(0.7870),tensor(0.2110),tensor(0.0017),tensor(0.0003),tensor(7.3964e-06)
238,tensor(0),tensor(0.8472),tensor(0.1508),tensor(0.0011),tensor(0.0006),tensor(0.0004)
239,tensor(0),tensor(0.8310),tensor(0.1677),tensor(0.0009),tensor(0.0004),tensor(2.4299e-05)
240,tensor(0),tensor(0.6845),tensor(0.3001),tensor(0.0148),tensor(0.0003),tensor(0.0003)
241,tensor(0),tensor(0.7664),tensor(0.2312),tensor(0.0019),tensor(0.0004),tensor(0.0002)
242,tensor(0),tensor(0.7059),tensor(0.2904),tensor(0.0034),tensor(0.0003),tensor(1.2903e-05)
243,tensor(0),tensor(0.6480),tensor(0.3337),tensor(0.0178),tensor(0.0005),tensor(1.4799e-05)
244,tensor(0),tensor(0.6070),tensor(0.3820),tensor(0.0103),tensor(0.0006),tensor(1.7454e-05)
245,tensor(0),tensor(0.7387),tensor(0.2584),tensor(0.0028),tensor(0.0001),tensor(7.2393e-05)
246,tensor(0),tensor(0.6819),tensor(0.3125),tensor(0.0054),tensor(0.0002),tensor(6.4912e-05)
247,tensor(1),tensor(0.8134),tensor(0.1787),tensor(0.0054),tensor(0.0014),tensor(0.0011)
248,tensor(0),tensor(0.8312),tensor(0.1620),tensor(0.0020),tensor(0.0023),tensor(0.0025)
249,tensor(0),tensor(0.7415),tensor(0.2502),tensor(0.0047),tensor(0.0023),tensor(0.0012)
250,tensor(0),tensor(0.8161),tensor(0.1825),tensor(0.0010),tensor(0.0002),tensor(0.0002)
251,tensor(0),tensor(0.7866),tensor(0.2122),tensor(0.0009),tensor(0.0001),tensor(0.0001)
252,tensor(0),tensor(0.8138),tensor(0.1839),tensor(0.0019),tensor(0.0002),tensor(0.0002)
253,tensor(0),tensor(0.8447),tensor(0.1537),tensor(0.0011),tensor(0.0003),tensor(0.0003)
254,tensor(0),tensor(0.8273),tensor(0.1696),tensor(0.0010),tensor(0.0016),tensor(0.0005)
255,tensor(0),tensor(0.7922),tensor(0.2052),tensor(0.0006),tensor(0.0018),tensor(0.0003)
256,tensor(0),tensor(0.7153),tensor(0.2830),tensor(0.0011),tensor(0.0005),tensor(6.6997e-05)
257,tensor(1),tensor(0.0169),tensor(0.9398),tensor(0.0430),tensor(0.0002),tensor(1.1750e-05)
258,tensor(0),tensor(0.8002),tensor(0.1964),tensor(0.0033),tensor(0.0001),tensor(9.0516e-06)
259,tensor(0),tensor(0.6662),tensor(0.3261),tensor(0.0076),tensor(7.8483e-05),tensor(3.8510e-05)
260,tensor(0),tensor(0.7616),tensor(0.2348),tensor(0.0028),tensor(0.0007),tensor(0.0001)
261,tensor(0),tensor(0.7709),tensor(0.2237),tensor(0.0051),tensor(0.0002),tensor(4.8427e-05)
262,tensor(0),tensor(0.7401),tensor(0.2560),tensor(0.0018),tensor(0.0019),tensor(0.0002)
263,tensor(0),tensor(0.7287),tensor(0.2660),tensor(0.0036),tensor(0.0014),tensor(0.0002)
264,tensor(0),tensor(0.7113),tensor(0.2872),tensor(0.0007),tensor(0.0006),tensor(0.0002)
265,tensor(0),tensor(0.7635),tensor(0.2349),tensor(0.0013),tensor(0.0002),tensor(8.4160e-05)
266,tensor(0),tensor(0.6988),tensor(0.3004),tensor(0.0005),tensor(0.0002),tensor(4.5114e-05)
267,tensor(0),tensor(0.7312),tensor(0.2647),tensor(0.0032),tensor(0.0006),tensor(0.0003)
268,tensor(0),tensor(0.6662),tensor(0.3084),tensor(0.0240),tensor(0.0013),tensor(6.4409e-05)
269,tensor(0),tensor(0.7735),tensor(0.2247),tensor(0.0014),tensor(0.0003),tensor(0.0001)
270,tensor(0),tensor(0.8445),tensor(0.1477),tensor(0.0034),tensor(0.0023),tensor(0.0021)
271,tensor(0),tensor(0.7918),tensor(0.1990),tensor(0.0063),tensor(0.0028),tensor(0.0002)
272,tensor(0),tensor(0.7505),tensor(0.2453),tensor(0.0034),tensor(0.0006),tensor(0.0001)
273,tensor(0),tensor(0.7714),tensor(0.2228),tensor(0.0046),tensor(0.0007),tensor(0.0005)
274,tensor(0),tensor(0.7559),tensor(0.2370),tensor(0.0064),tensor(0.0007),tensor(3.0882e-05)
275,tensor(0),tensor(0.7547),tensor(0.2351),tensor(0.0082),tensor(0.0018),tensor(9.7292e-05)
276,tensor(0),tensor(0.7968),tensor(0.2008),tensor(0.0023),tensor(6.5315e-05),tensor(1.3066e-05)
277,tensor(0),tensor(0.6734),tensor(0.3112),tensor(0.0133),tensor(0.0017),tensor(0.0004)
278,tensor(0),tensor(0.5670),tensor(0.3377),tensor(0.0950),tensor(0.0002),tensor(2.5765e-05)
279,tensor(0),tensor(0.5073),tensor(0.4496),tensor(0.0429),tensor(0.0003),tensor(3.9574e-06)
280,tensor(0),tensor(0.9052),tensor(0.0938),tensor(0.0002),tensor(0.0007),tensor(0.0001)
281,tensor(0),tensor(0.9141),tensor(0.0849),tensor(0.0004),tensor(0.0005),tensor(5.3376e-05)
282,tensor(0),tensor(0.7543),tensor(0.2427),tensor(0.0021),tensor(0.0007),tensor(0.0003)
283,tensor(0),tensor(0.8083),tensor(0.1899),tensor(0.0014),tensor(0.0003),tensor(0.0001)
284,tensor(0),tensor(0.8549),tensor(0.1325),tensor(0.0034),tensor(0.0092),tensor(3.1450e-05)
285,tensor(0),tensor(0.8546),tensor(0.1169),tensor(0.0156),tensor(0.0124),tensor(0.0005)
286,tensor(0),tensor(0.8481),tensor(0.1497),tensor(0.0013),tensor(0.0005),tensor(0.0004)
287,tensor(0),tensor(0.8432),tensor(0.1555),tensor(0.0008),tensor(0.0003),tensor(0.0002)
288,tensor(0),tensor(0.5371),tensor(0.4616),tensor(0.0012),tensor(3.8110e-05),tensor(2.7904e-05)
289,tensor(0),tensor(0.7329),tensor(0.2664),tensor(0.0006),tensor(0.0001),tensor(6.3972e-05)
290,tensor(0),tensor(0.8581),tensor(0.1397),tensor(0.0013),tensor(0.0008),tensor(1.8035e-05)
291,tensor(1),tensor(0.8035),tensor(0.1936),tensor(0.0012),tensor(0.0015),tensor(0.0001)
292,tensor(0),tensor(0.8335),tensor(0.1653),tensor(0.0009),tensor(0.0003),tensor(1.3028e-05)
293,tensor(1),tensor(0.8425),tensor(0.1551),tensor(0.0014),tensor(0.0010),tensor(3.9211e-05)
294,tensor(0),tensor(0.8431),tensor(0.1547),tensor(0.0013),tensor(0.0007),tensor(0.0002)
295,tensor(0),tensor(0.6875),tensor(0.2984),tensor(0.0095),tensor(0.0043),tensor(0.0003)
296,tensor(0),tensor(0.6588),tensor(0.3402),tensor(0.0009),tensor(0.0001),tensor(2.4745e-05)
297,tensor(0),tensor(0.7735),tensor(0.2249),tensor(0.0013),tensor(0.0002),tensor(6.2296e-05)
298,tensor(0),tensor(0.4973),tensor(0.4787),tensor(0.0075),tensor(0.0162),tensor(0.0003)
299,tensor(0),tensor(0.7799),tensor(0.2077),tensor(0.0036),tensor(0.0073),tensor(0.0015)
300,tensor(0),tensor(0.7990),tensor(0.1858),tensor(0.0146),tensor(0.0003),tensor(0.0002)
301,tensor(0),tensor(0.7759),tensor(0.2086),tensor(0.0148),tensor(0.0004),tensor(0.0004)
302,tensor(0),tensor(0.7549),tensor(0.2430),tensor(0.0019),tensor(0.0002),tensor(9.1236e-06)
303,tensor(0),tensor(0.7670),tensor(0.2310),tensor(0.0011),tensor(0.0005),tensor(0.0004)
304,tensor(0),tensor(0.6931),tensor(0.3035),tensor(0.0027),tensor(0.0006),tensor(2.9282e-05)
305,tensor(0),tensor(0.7214),tensor(0.2480),tensor(0.0289),tensor(0.0017),tensor(1.7027e-05)
306,tensor(0),tensor(0.6587),tensor(0.3306),tensor(0.0105),tensor(0.0002),tensor(8.4260e-06)
307,tensor(0),tensor(0.6929),tensor(0.2981),tensor(0.0088),tensor(0.0002),tensor(2.7356e-06)
308,tensor(0),tensor(0.7487),tensor(0.2506),tensor(0.0006),tensor(7.3718e-05),tensor(3.3476e-05)
309,tensor(0),tensor(0.7730),tensor(0.2265),tensor(0.0004),tensor(0.0001),tensor(2.4614e-05)
310,tensor(0),tensor(0.8562),tensor(0.1414),tensor(0.0021),tensor(0.0002),tensor(0.0002)
311,tensor(0),tensor(0.8355),tensor(0.1614),tensor(0.0028),tensor(0.0001),tensor(0.0002)
312,tensor(0),tensor(0.8336),tensor(0.1569),tensor(0.0085),tensor(0.0010),tensor(3.4964e-05)
313,tensor(0),tensor(0.7175),tensor(0.2753),tensor(0.0063),tensor(0.0007),tensor(0.0003)
314,tensor(0),tensor(0.7227),tensor(0.2754),tensor(0.0010),tensor(0.0007),tensor(0.0002)
315,tensor(0),tensor(0.7326),tensor(0.2650),tensor(0.0015),tensor(0.0006),tensor(0.0002)
316,tensor(0),tensor(0.6312),tensor(0.3635),tensor(0.0049),tensor(0.0003),tensor(1.3581e-05)
317,tensor(1),tensor(0.5573),tensor(0.4397),tensor(0.0028),tensor(0.0001),tensor(9.3491e-05)
318,tensor(0),tensor(0.8988),tensor(0.1004),tensor(0.0003),tensor(0.0005),tensor(2.7552e-05)
319,tensor(0),tensor(0.8032),tensor(0.1954),tensor(0.0008),tensor(0.0005),tensor(2.6169e-05)
320,tensor(0),tensor(0.1381),tensor(0.8556),tensor(0.0062),tensor(8.9123e-05),tensor(2.9292e-06)
321,tensor(0),tensor(0.5394),tensor(0.4425),tensor(0.0177),tensor(0.0003),tensor(6.8985e-05)
322,tensor(0),tensor(0.8158),tensor(0.1726),tensor(0.0093),tensor(0.0023),tensor(2.2242e-05)
323,tensor(0),tensor(0.8328),tensor(0.1655),tensor(0.0014),tensor(0.0003),tensor(3.0165e-05)
324,tensor(0),tensor(0.8463),tensor(0.1400),tensor(0.0034),tensor(0.0102),tensor(8.0776e-05)
325,tensor(0),tensor(0.7679),tensor(0.2183),tensor(0.0062),tensor(0.0064),tensor(0.0012)
326,tensor(0),tensor(0.8841),tensor(0.1127),tensor(0.0005),tensor(0.0019),tensor(0.0009)
327,tensor(0),tensor(0.7741),tensor(0.2188),tensor(0.0015),tensor(0.0045),tensor(0.0011)
328,tensor(0),tensor(0.7301),tensor(0.2630),tensor(0.0033),tensor(0.0035),tensor(9.8002e-05)
329,tensor(0),tensor(0.7765),tensor(0.2039),tensor(0.0150),tensor(0.0043),tensor(0.0003)
330,tensor(0),tensor(0.7189),tensor(0.2783),tensor(0.0022),tensor(0.0004),tensor(0.0001)
331,tensor(0),tensor(0.8058),tensor(0.1922),tensor(0.0018),tensor(0.0002),tensor(4.7721e-05)
332,tensor(0),tensor(0.5410),tensor(0.4155),tensor(0.0256),tensor(0.0178),tensor(8.3989e-05)
333,tensor(1),tensor(0.0786),tensor(0.6643),tensor(0.2534),tensor(0.0036),tensor(0.0001)
334,tensor(0),tensor(0.6072),tensor(0.3895),tensor(0.0029),tensor(0.0004),tensor(5.6304e-07)
335,tensor(1),tensor(0.0364),tensor(0.8117),tensor(0.1502),tensor(0.0017),tensor(1.0114e-06)
336,tensor(0),tensor(0.6904),tensor(0.3052),tensor(0.0040),tensor(0.0003),tensor(3.3187e-06)
337,tensor(1),tensor(0.2433),tensor(0.7496),tensor(0.0068),tensor(0.0003),tensor(2.5257e-05)
338,tensor(0),tensor(0.8864),tensor(0.1084),tensor(0.0004),tensor(0.0045),tensor(0.0003)
339,tensor(0),tensor(0.8916),tensor(0.0997),tensor(0.0005),tensor(0.0076),tensor(0.0005)
340,tensor(0),tensor(0.7999),tensor(0.1877),tensor(0.0061),tensor(0.0061),tensor(0.0002)
341,tensor(1),tensor(0.0944),tensor(0.8647),tensor(0.0374),tensor(0.0034),tensor(7.1469e-05)
342,tensor(0),tensor(0.8698),tensor(0.1224),tensor(0.0051),tensor(0.0021),tensor(0.0005)
343,tensor(0),tensor(0.7870),tensor(0.2101),tensor(0.0005),tensor(0.0015),tensor(0.0009)
344,tensor(0),tensor(0.6696),tensor(0.3225),tensor(0.0035),tensor(0.0042),tensor(0.0002)
345,tensor(0),tensor(0.8081),tensor(0.1804),tensor(0.0045),tensor(0.0052),tensor(0.0018)
346,tensor(0),tensor(0.6830),tensor(0.3159),tensor(0.0010),tensor(6.7040e-05),tensor(9.9097e-06)
347,tensor(0),tensor(0.5048),tensor(0.4681),tensor(0.0267),tensor(0.0004),tensor(2.2203e-05)
348,tensor(0),tensor(0.8605),tensor(0.1383),tensor(0.0007),tensor(0.0002),tensor(0.0003)
349,tensor(0),tensor(0.8028),tensor(0.1962),tensor(0.0008),tensor(0.0002),tensor(0.0001)
350,tensor(0),tensor(0.5742),tensor(0.4122),tensor(0.0117),tensor(0.0018),tensor(7.0582e-05)
351,tensor(0),tensor(0.7948),tensor(0.1971),tensor(0.0070),tensor(0.0008),tensor(0.0004)
352,tensor(0),tensor(0.7508),tensor(0.2469),tensor(0.0018),tensor(0.0003),tensor(0.0002)
353,tensor(0),tensor(0.7637),tensor(0.2347),tensor(0.0011),tensor(0.0004),tensor(6.6294e-05)
354,tensor(0),tensor(0.8036),tensor(0.1950),tensor(0.0007),tensor(0.0006),tensor(7.0992e-05)
355,tensor(0),tensor(0.8033),tensor(0.1939),tensor(0.0019),tensor(0.0008),tensor(9.6102e-05)
356,tensor(0),tensor(0.7742),tensor(0.2173),tensor(0.0083),tensor(0.0002),tensor(2.7076e-05)
357,tensor(0),tensor(0.7135),tensor(0.2398),tensor(0.0464),tensor(0.0003),tensor(4.3841e-05)
358,tensor(0),tensor(0.7277),tensor(0.2710),tensor(0.0008),tensor(0.0003),tensor(0.0003)
359,tensor(0),tensor(0.6786),tensor(0.3179),tensor(0.0029),tensor(0.0005),tensor(0.0002)
360,tensor(0),tensor(0.7054),tensor(0.2779),tensor(0.0114),tensor(0.0045),tensor(0.0008)
361,tensor(0),tensor(0.6883),tensor(0.2981),tensor(0.0099),tensor(0.0027),tensor(0.0011)
362,tensor(0),tensor(0.8601),tensor(0.1314),tensor(0.0007),tensor(0.0075),tensor(0.0003)
363,tensor(0),tensor(0.8235),tensor(0.1460),tensor(0.0027),tensor(0.0257),tensor(0.0021)
364,tensor(0),tensor(0.7787),tensor(0.2196),tensor(0.0011),tensor(0.0004),tensor(0.0003)
365,tensor(0),tensor(0.0025),tensor(0.9131),tensor(0.0761),tensor(0.0046),tensor(0.0038)
366,tensor(0),tensor(0.7222),tensor(0.2739),tensor(0.0025),tensor(0.0011),tensor(0.0003)
367,tensor(0),tensor(0.8316),tensor(0.1674),tensor(0.0004),tensor(0.0005),tensor(9.0103e-05)
368,tensor(0),tensor(0.7925),tensor(0.2053),tensor(0.0011),tensor(0.0004),tensor(0.0006)
369,tensor(0),tensor(0.8540),tensor(0.1417),tensor(0.0011),tensor(0.0013),tensor(0.0020)
370,tensor(0),tensor(0.7890),tensor(0.2052),tensor(0.0014),tensor(0.0030),tensor(0.0014)
371,tensor(0),tensor(0.7734),tensor(0.2214),tensor(0.0011),tensor(0.0034),tensor(0.0006)
372,tensor(0),tensor(0.8036),tensor(0.1846),tensor(0.0092),tensor(0.0018),tensor(0.0007)
373,tensor(0),tensor(0.8622),tensor(0.1306),tensor(0.0060),tensor(0.0011),tensor(0.0001)
374,tensor(0),tensor(0.7467),tensor(0.2505),tensor(0.0025),tensor(0.0003),tensor(7.6541e-06)
375,tensor(0),tensor(0.6935),tensor(0.2852),tensor(0.0195),tensor(0.0008),tensor(0.0010)
376,tensor(0),tensor(0.7371),tensor(0.2609),tensor(0.0018),tensor(0.0002),tensor(2.4714e-05)
377,tensor(0),tensor(0.6777),tensor(0.3166),tensor(0.0050),tensor(0.0006),tensor(0.0001)
378,tensor(0),tensor(0.9125),tensor(0.0831),tensor(0.0004),tensor(0.0039),tensor(9.7997e-05)
379,tensor(0),tensor(0.7229),tensor(0.2625),tensor(0.0064),tensor(0.0081),tensor(0.0001)
380,tensor(0),tensor(0.8317),tensor(0.1604),tensor(0.0012),tensor(0.0062),tensor(0.0005)
381,tensor(0),tensor(0.6272),tensor(0.3679),tensor(0.0026),tensor(0.0022),tensor(0.0001)
382,tensor(0),tensor(0.5620),tensor(0.3955),tensor(0.0415),tensor(0.0010),tensor(6.0524e-06)
383,tensor(0),tensor(0.8206),tensor(0.1691),tensor(0.0072),tensor(0.0027),tensor(0.0004)
384,tensor(0),tensor(0.5599),tensor(0.4359),tensor(0.0040),tensor(0.0002),tensor(3.0404e-05)
385,tensor(0),tensor(0.6775),tensor(0.3150),tensor(0.0070),tensor(0.0004),tensor(3.2825e-05)
386,tensor(0),tensor(0.5990),tensor(0.3994),tensor(0.0015),tensor(0.0001),tensor(3.4151e-05)
387,tensor(0),tensor(0.7491),tensor(0.2482),tensor(0.0025),tensor(0.0001),tensor(4.0545e-05)
388,tensor(0),tensor(0.8233),tensor(0.1676),tensor(0.0077),tensor(0.0007),tensor(0.0008)
389,tensor(0),tensor(0.3875),tensor(0.5760),tensor(0.0309),tensor(0.0041),tensor(0.0014)
390,tensor(0),tensor(0.6994),tensor(0.2954),tensor(0.0048),tensor(0.0004),tensor(4.1623e-05)
391,tensor(0),tensor(0.6589),tensor(0.3372),tensor(0.0035),tensor(0.0004),tensor(4.2281e-05)
392,tensor(0),tensor(0.7508),tensor(0.2243),tensor(0.0170),tensor(0.0076),tensor(0.0003)
393,tensor(0),tensor(0.7934),tensor(0.1965),tensor(0.0088),tensor(0.0013),tensor(0.0001)
394,tensor(0),tensor(0.8480),tensor(0.1499),tensor(0.0004),tensor(0.0015),tensor(0.0001)
395,tensor(0),tensor(0.7995),tensor(0.1975),tensor(0.0007),tensor(0.0021),tensor(0.0003)
396,tensor(0),tensor(0.8074),tensor(0.1913),tensor(0.0011),tensor(0.0001),tensor(0.0001)
397,tensor(0),tensor(0.8199),tensor(0.1782),tensor(0.0009),tensor(0.0002),tensor(0.0007)
398,tensor(0),tensor(0.7926),tensor(0.1912),tensor(0.0114),tensor(0.0046),tensor(0.0002)
399,tensor(0),tensor(0.8142),tensor(0.1823),tensor(0.0023),tensor(0.0007),tensor(0.0005)
400,tensor(0),tensor(0.4688),tensor(0.5123),tensor(0.0187),tensor(0.0002),tensor(2.4280e-05)
401,tensor(0),tensor(0.7300),tensor(0.2541),tensor(0.0143),tensor(0.0009),tensor(0.0007)
402,tensor(0),tensor(0.7270),tensor(0.2692),tensor(0.0034),tensor(0.0003),tensor(0.0001)
403,tensor(0),tensor(0.4167),tensor(0.5660),tensor(0.0154),tensor(0.0010),tensor(0.0008)
404,tensor(0),tensor(0.8172),tensor(0.1809),tensor(0.0016),tensor(0.0003),tensor(4.0935e-05)
405,tensor(1),tensor(0.3625),tensor(0.5417),tensor(0.0196),tensor(0.0371),tensor(0.0391)
406,tensor(0),tensor(0.8418),tensor(0.1531),tensor(0.0039),tensor(0.0008),tensor(0.0004)
407,tensor(0),tensor(0.7993),tensor(0.1825),tensor(0.0129),tensor(0.0046),tensor(0.0008)
408,tensor(0),tensor(0.7897),tensor(0.2092),tensor(0.0008),tensor(0.0002),tensor(5.5775e-05)
409,tensor(0),tensor(0.5587),tensor(0.4382),tensor(0.0026),tensor(0.0005),tensor(4.8406e-05)
410,tensor(0),tensor(0.7602),tensor(0.2374),tensor(0.0021),tensor(0.0003),tensor(1.9875e-05)
411,tensor(0),tensor(0.7092),tensor(0.2838),tensor(0.0061),tensor(0.0008),tensor(1.8054e-05)
412,tensor(0),tensor(0.7244),tensor(0.2695),tensor(0.0052),tensor(0.0006),tensor(0.0002)
413,tensor(0),tensor(0.7807),tensor(0.2158),tensor(0.0030),tensor(0.0005),tensor(2.1895e-05)
414,tensor(0),tensor(0.7246),tensor(0.2738),tensor(0.0015),tensor(0.0001),tensor(2.2207e-05)
415,tensor(0),tensor(0.7434),tensor(0.2452),tensor(0.0091),tensor(0.0018),tensor(0.0004)
416,tensor(0),tensor(0.7626),tensor(0.2365),tensor(0.0008),tensor(0.0001),tensor(1.0510e-05)
417,tensor(0),tensor(0.4508),tensor(0.4545),tensor(0.0943),tensor(0.0005),tensor(3.7228e-06)
418,tensor(0),tensor(0.8675),tensor(0.1299),tensor(0.0005),tensor(0.0019),tensor(0.0003)
419,tensor(0),tensor(0.8568),tensor(0.1370),tensor(0.0018),tensor(0.0042),tensor(0.0003)
420,tensor(0),tensor(0.7469),tensor(0.2475),tensor(0.0043),tensor(0.0013),tensor(7.7485e-05)
421,tensor(0),tensor(0.7955),tensor(0.2039),tensor(0.0004),tensor(0.0002),tensor(1.4730e-05)
422,tensor(0),tensor(0.9225),tensor(0.0717),tensor(0.0003),tensor(0.0011),tensor(0.0044)
423,tensor(0),tensor(0.8431),tensor(0.1524),tensor(0.0006),tensor(0.0015),tensor(0.0023)
424,tensor(0),tensor(0.7808),tensor(0.2044),tensor(0.0098),tensor(0.0049),tensor(6.7069e-05)
425,tensor(0),tensor(0.7211),tensor(0.2749),tensor(0.0030),tensor(0.0010),tensor(6.1769e-05)
426,tensor(0),tensor(0.7080),tensor(0.2830),tensor(0.0087),tensor(0.0003),tensor(5.7824e-05)
427,tensor(0),tensor(0.6421),tensor(0.3389),tensor(0.0175),tensor(0.0012),tensor(0.0002)
428,tensor(0),tensor(0.7308),tensor(0.2650),tensor(0.0031),tensor(0.0009),tensor(0.0002)
429,tensor(0),tensor(0.6457),tensor(0.3439),tensor(0.0090),tensor(0.0013),tensor(7.2644e-05)
430,tensor(0),tensor(0.7777),tensor(0.2188),tensor(0.0027),tensor(0.0007),tensor(0.0001)
431,tensor(0),tensor(0.8047),tensor(0.1919),tensor(0.0027),tensor(0.0005),tensor(0.0002)
432,tensor(0),tensor(0.8376),tensor(0.1602),tensor(0.0014),tensor(0.0006),tensor(0.0003)
433,tensor(0),tensor(0.8203),tensor(0.1769),tensor(0.0013),tensor(0.0005),tensor(0.0010)
434,tensor(0),tensor(0.6764),tensor(0.3140),tensor(0.0086),tensor(0.0010),tensor(2.2210e-05)
435,tensor(0),tensor(0.5874),tensor(0.4063),tensor(0.0053),tensor(0.0006),tensor(0.0003)
436,tensor(0),tensor(0.8020),tensor(0.1943),tensor(0.0032),tensor(0.0003),tensor(0.0001)
437,tensor(0),tensor(0.7647),tensor(0.2312),tensor(0.0039),tensor(0.0001),tensor(0.0001)
438,tensor(0),tensor(0.5471),tensor(0.4489),tensor(0.0038),tensor(0.0001),tensor(0.0001)
439,tensor(1),tensor(0.6019),tensor(0.3897),tensor(0.0029),tensor(0.0025),tensor(0.0029)
440,tensor(0),tensor(0.6953),tensor(0.2979),tensor(0.0062),tensor(0.0004),tensor(4.5066e-05)
